
| Material       | 1 m³ | 2 m³ | 3 m³ | 4 m³ | 5 m³  | 6 m³  | 7 m³  | 7.5 m³ | 8 m³  | 9 m³  | 10 m³ |
|----------------|------|------|------|------|-------|-------|-------|--------|-------|-------|-------|
| Wood           | 178  | 356  | 534  | 712  | 890   | 1,068 | 1,246 | 1,335  | 1,424 | 1,602 | 1,780 |
| Wood sheet     | 200  | 400  | 600  | 800  | 1,000 | 1,200 | 1,400 | 1,500  | 1,600 | 1,800 | 2,000 |
| Cardboard      | 38   | 76   | 114  | 152  | 190   | 228   | 266   | 285    | 304   | 342   | 380   |
| Plasterboard   | 238  | 476  | 714  | 952  | 1,190 | 1,428 | 1,666 | 1,785  | 1,904 | 2,142 | 2,380 |
| Mixed/other    | 225  | 450  | 675  | 900  | 1,125 | 1,350 | 1,575 | 1,688  | 1,800 | 2,025 | 2,250 |
| Metal          | 63   | 126  | 189  | 252  | 315   | 378   | 441   | 473    | 504   | 567   | 630   |
| Paper/plastic  | 38   | 76   | 114  | 152  | 190   | 228   | 266   | 285    | 304   | 342   | 380   |
| Concrete       | 900  | 1,800| 2,700| 3,600| 4,500 | 5,400 | 6,300 | 6,750  | 7,200 | 8,100 | 9,000 |
| Sweepings      | 208  | 416  | 624  | 832  | 1,040 | 1,248 | 1,456 | 1,560  | 1,664 | 1,872 | 2,080 |
